 10,0.000004,34,30
 20,0.000005,144,127
 30,0.000005,195,168
 40,0.000006,300,261
 50,0.000012,626,580
 60,0.000016,915,857
 70,0.000024,1237,1172
 80,0.000023,1452,1376
 90,0.000030,1803,1716
 100,0.000038,2394,2296
 200,0.000110,9279,9083
 300,0.000340,21120,20822
 400,0.000432,33541,33145
 500,0.000712,58363,57865
 600,0.001017,78670,78074
 700,0.001096,118378,117680
 800,0.000858,148369,147573
 900,0.001059,183696,182800
 1000,0.001356,236104,235106
 2000,0.005561,918396,916398
 3000,0.010533,2017101,2014107
 4000,0.018174,3630164,3626165
 5000,0.029019,5761198,5756201
 6000,0.038944,8102690,8096691
 7000,0.054273,11243326,11236330
 8000,0.070631,14431069,14423074
 9000,0.091797,18648141,18639143
 10000,0.109990,22915960,22905963
 20000,0.436169,91151243,91131247
 30000,0.970797,204799667,204769670
 40000,1.713669,363745204,363705207
 50000,2.676658,565220889,565170892
 60000,3.852896,814423179,814363181
 70000,5.269583,1114215758,1114145762
 80000,6.901606,1452507572,1452427575
 90000,8.760329,1847846348,1847756349
 100000,10.874197,2276581322,2276481324
 200000,40.791004,9111917335,9111717339
 300000,89.620766,20443362147,20443062152
 400000,159.176113,36369654601,36369254606
 500000,273.376841,56832628732,56832128735
 600000,400.356684,81694579064,81693979068
 700000,530.774037,111466997612,111466297614
 800000,776.340965,145423832004,145423032007
 900000,1085.414615,184040110587,184039210590
 1000000,1288.620576,227197533745,227196533749
